batch: 23
degrees: 6.564321625607971
imgsz: 640
lr0: 0.0009745173784446455
momentum: 0.7912271796015741
mosaic: 0.5588103337980724
warmup_epochs: 4
weight_decay: 0.00035802634541453216
